
#
#Feature symbol names
#
$0 r0.500

#
#Layer features
#
L 6.9763779528 2 6.9763779528 2 0 P 92
A 6.9763779528 2 6.9173228346 2.0590551181 6.9173228346 2 0 P 92 N
L 6.7559055118 2.1968503937 6.7559055118 2.1968503937 0 P 92
A 6.7559055118 2.1968503937 6.8937007874 2.0590551181 6.8937007874 2.1968503937 0 P 92 N
L 2.1298425197 2.5 2.1298425197 2.5 0 P 92
A 2.1298425197 2.5 2.0526929134 2.437007874 2.1298427699 2.4212591404 0 P 92 N
L 6.9173228346 -0.4645669291 6.9173228346 -0.4645669291 0 P 92
A 6.9173228346 -0.4645669291 6.9763779528 -0.405511811 6.9173228346 -0.405511811 0 P 92 N
L -0.3582677165 -0.405511811 -0.3582677165 -0.405511811 0 P 92
A -0.3582677165 -0.405511811 -0.2992125984 -0.4645669291 -0.2992125984 -0.405511811 0 P 92 N
L -0.5629921260 2.0590551181 -0.5629921260 2.0590551181 0 P 92
A -0.5629921260 2.0590551181 -0.622047244 2 -0.5629921260 2 0 P 92 N
L -0.3582677165 0.4919685039 -0.3582677165 0.4919685039 0 P 92
A -0.3582677165 0.4919685039 -0.4960629921 0.6297637795 -0.4960629921 0.4919685039 0 P 92 N
L -0.622047244 0.6691338583 -0.622047244 0.6691338583 0 P 92
A -0.622047244 0.6691338583 -0.5826771654 0.6297637795 -0.5826771654 0.6691338583 0 P 92 N
L -0.5393700787 2.0590551181 -0.5393700787 2.0590551181 0 P 92
A -0.5393700787 2.0590551181 -0.4015748031 2.1968503937 -0.5393700787 2.1968503937 0 P 92 N
L -0.342519685 2.5 -0.342519685 2.5 0 P 92
A -0.342519685 2.5 -0.4015748031 2.4409448819 -0.342519685 2.4409448819 0 P 92 N
L 2.7244094488 2.374015748 2.7244094488 2.374015748 0 P 92
A 2.7244094488 2.374015748 3 2.374015748 2.8622047244 2.374015748 0 P 92 N
L 2.7244094488 2.4606299213 2.7244094488 2.4606299213 0 P 92
A 2.7244094488 2.4606299213 2.68503937 2.5 2.68503937 2.4606299213 0 P 92 N
L 3.0393700787 2.5 3.0393700787 2.5 0 P 92
A 3.0393700787 2.5 3 2.4606299213 3.0393700787 2.4606299213 0 P 92 N
L 1.4354960630 2.437007874 1.4354960630 2.437007874 0 P 92
A 1.4354960630 2.437007874 2.0526929134 2.437007874 1.7440944882 2.5 0 P 92 N
L 6.7559055118 2.4409448819 6.7559055118 2.4409448819 0 P 92
A 6.7559055118 2.4409448819 6.6968503937 2.5 6.6968503937 2.4409448819 0 P 92 N
L 1.4354960630 2.437007874 1.4354960630 2.437007874 0 P 92
A 1.4354960630 2.437007874 1.3583464567 2.5 1.3583470946 2.4212602281 0 P 92 N
L -0.1446850394 0.8090551181 -0.1446850394 0.8090551181 0 P 92
A -0.1446850394 0.8090551181 -0.3907480315 0.8090551181 -0.2677165354 0.8090551181 0 P 92 N
L -0.3907480315 0.8090551181 -0.3907480315 0.8090551181 0 P 92
A -0.3907480315 0.8090551181 -0.1446850394 0.8090551181 -0.2677165354 0.8090551181 0 P 92 N
L -0.1446850394 1.8523622047 -0.1446850394 1.8523622047 0 P 92
A -0.1446850394 1.8523622047 -0.3907480315 1.8523622047 -0.2677165354 1.8523622047 0 P 92 N
L -0.3907480315 1.8523622047 -0.3907480315 1.8523622047 0 P 92
A -0.3907480315 1.8523622047 -0.1446850394 1.8523622047 -0.2677165354 1.8523622047 0 P 92 N
L 4.5875984252 0.8779527559 4.5875984252 0.8779527559 0 P 92
A 4.5875984252 0.8779527559 4.341535433 0.8779527559 4.4645669291 0.8779527559 0 P 92 N
L 4.341535433 0.8779527559 4.341535433 0.8779527559 0 P 92
A 4.341535433 0.8779527559 4.5875984252 0.8779527559 4.4645669291 0.8779527559 0 P 92 N
L 5.8474409449 0.8779527559 5.8474409449 0.8779527559 0 P 92
A 5.8474409449 0.8779527559 5.6013779528 0.8779527559 5.7244094488 0.8779527559 0 P 92 N
L 5.6013779528 0.8779527559 5.6013779528 0.8779527559 0 P 92
A 5.6013779528 0.8779527559 5.8474409449 0.8779527559 5.7244094488 0.8779527559 0 P 92 N
L 3.0393700787 2.5 6.6968503937 2.5 0 P 92
L 6.8937007874 2.0590551181 6.9173228346 2.0590551181 0 P 92
L -0.3582677165 -0.405511811 -0.3582677165 0.4919685039 0 P 92
L 6.9763779528 -0.405511811 6.9763779528 2 0 P 92
L -0.4015748031 2.1968503937 -0.4015748031 2.4409448819 0 P 92
L -0.2992125984 -0.4645669291 6.9173228346 -0.4645669291 0 P 92
L -0.622047244 0.6691338583 -0.622047244 2 0 P 92
L -0.5629921260 2.0590551181 -0.5393700787 2.0590551181 0 P 92
L 2.1298425197 2.5 2.68503937 2.5 0 P 92
L -0.5826771654 0.6297637795 -0.4960629921 0.6297637795 0 P 92
L -0.342519685 2.5 1.3583464567 2.5 0 P 92
L 6.7559055118 2.1968503937 6.7559055118 2.4409448819 0 P 92
L 3 2.374015748 3 2.4606299213 0 P 92
L 2.7244094488 2.374015748 2.7244094488 2.4606299213 0 P 92
