
#
#Feature symbol names
#
$0 r0.500

#
#Layer features
#
L -0.0165511811 1.6363818898 -0.0165511811 1.6363818898 0 P 92
A -0.0165511811 1.6363818898 -0.1051338583 1.6363818898 -0.0608425197 1.6363818898 0 P 92 N
L -0.1051338583 1.6363818898 -0.1051338583 1.6363818898 0 P 92
A -0.1051338583 1.6363818898 -0.0165511811 1.6363818898 -0.0608425197 1.6363818898 0 P 92 N
L -0.2037401575 0.8090551181 -0.2037401575 0.8090551181 0 P 92
A -0.2037401575 0.8090551181 -0.3316929134 0.8090551181 -0.2677165354 0.8090551181 0 P 92 N
L -0.3316929134 0.8090551181 -0.3316929134 0.8090551181 0 P 92
A -0.3316929134 0.8090551181 -0.2037401575 0.8090551181 -0.2677165354 0.8090551181 0 P 92 N
L -0.4302992126 1.025035433 -0.4302992126 1.025035433 0 P 92
A -0.4302992126 1.025035433 -0.5188818898 1.025035433 -0.4745905512 1.025035433 0 P 92 N
L -0.5188818898 1.025035433 -0.5188818898 1.025035433 0 P 92
A -0.5188818898 1.025035433 -0.4302992126 1.025035433 -0.4745905512 1.025035433 0 P 92 N
L -0.2037401575 1.8523622047 -0.2037401575 1.8523622047 0 P 92
A -0.2037401575 1.8523622047 -0.3316929134 1.8523622047 -0.2677165354 1.8523622047 0 P 92 N
L -0.3316929134 1.8523622047 -0.3316929134 1.8523622047 0 P 92
A -0.3316929134 1.8523622047 -0.2037401575 1.8523622047 -0.2677165354 1.8523622047 0 P 92 N
L 6.6364370079 1.116523622 6.6364370079 1.116523622 0 P 92
A 6.6364370079 1.116523622 6.5478543307 1.116523622 6.5921456693 1.116523622 0 P 92 N
L 6.5478543307 1.116523622 6.5478543307 1.116523622 0 P 92
A 6.5478543307 1.116523622 6.6364370079 1.116523622 6.5921456693 1.116523622 0 P 92 N
L 6.1608070866 0.6393818898 6.1608070866 0.6393818898 0 P 92
A 6.1608070866 0.6393818898 6.0722244094 0.6393818898 6.116515748 0.6393818898 0 P 92 N
L 6.0722244094 0.6393818898 6.0722244094 0.6393818898 0 P 92
A 6.0722244094 0.6393818898 6.1608070866 0.6393818898 6.116515748 0.6393818898 0 P 92 N
L 5.7883858268 0.8779527559 5.7883858268 0.8779527559 0 P 92
A 5.7883858268 0.8779527559 5.6604330709 0.8779527559 5.7244094488 0.8779527559 0 P 92 N
L 5.6604330709 0.8779527559 5.6604330709 0.8779527559 0 P 92
A 5.6604330709 0.8779527559 5.7883858268 0.8779527559 5.7244094488 0.8779527559 0 P 92 N
L 5.3765944882 1.116523622 5.3765944882 1.116523622 0 P 92
A 5.3765944882 1.116523622 5.288011811 1.116523622 5.3323031496 1.116523622 0 P 92 N
L 5.288011811 1.116523622 5.288011811 1.116523622 0 P 92
A 5.288011811 1.116523622 5.3765944882 1.116523622 5.3323031496 1.116523622 0 P 92 N
L 4.9009645669 0.6393818898 4.9009645669 0.6393818898 0 P 92
A 4.9009645669 0.6393818898 4.8123818898 0.6393818898 4.8566732283 0.6393818898 0 P 92 N
L 4.8123818898 0.6393818898 4.8123818898 0.6393818898 0 P 92
A 4.8123818898 0.6393818898 4.9009645669 0.6393818898 4.8566732283 0.6393818898 0 P 92 N
L 4.528543307 0.8779527559 4.528543307 0.8779527559 0 P 92
A 4.528543307 0.8779527559 4.4005905512 0.8779527559 4.4645669291 0.8779527559 0 P 92 N
L 4.4005905512 0.8779527559 4.4005905512 0.8779527559 0 P 92
A 4.4005905512 0.8779527559 4.528543307 0.8779527559 4.4645669291 0.8779527559 0 P 92 N
L 4.1167519685 1.116523622 4.1167519685 1.116523622 0 P 92
A 4.1167519685 1.116523622 4.0281692913 1.116523622 4.0724606299 1.116523622 0 P 92 N
L 4.0281692913 1.116523622 4.0281692913 1.116523622 0 P 92
A 4.0281692913 1.116523622 4.1167519685 1.116523622 4.0724606299 1.116523622 0 P 92 N
L 3.6411220472 0.6393818898 3.6411220472 0.6393818898 0 P 92
A 3.6411220472 0.6393818898 3.55253937 0.6393818898 3.5968307087 0.6393818898 0 P 92 N
L 3.55253937 0.6393818898 3.55253937 0.6393818898 0 P 92
A 3.55253937 0.6393818898 3.6411220472 0.6393818898 3.5968307087 0.6393818898 0 P 92 N
